1.96495833333
1.9125
2.00916666667
2.11816666667
1.89383333333
1.64158333333
1.71441666667
1.774875
1.760125
1.80183333333
1.73395833333
1.69895833333
1.63916666667
1.5565
1.58329166667
1.654375
1.63141666667
1.605625
1.64645833333
1.702625
1.68229166667
1.69941666667
1.694
1.72595833333
1.64491666667
1.66266666667
1.936125
2.00383333333
1.78833333333
1.74670833333
1.72891666667
1.76233333333
1.74220833333
1.64408333333
1.28358333333
0.04
0.0329999999999999
0.244
0.273
0.361
0.499
0.835
0.608
0.429
0.536
0.628
0.769
-0.348
-0.145
-0.158
0.165
0.114
0.292999999999999
1.173
0.258999999999999
0.339
0.48
0.432
0.357
0.782
0.981
1.196
1.509
1.696
1.755
1.629
-0.625
-0.763
-0.569
-0.565
-0.467
-0.364
0.117
0.271
0.644
1.156
1.301
1.73
1.735
1.766
2.055
2.208
2.093
1.924
1.953
1.937
1.898
1.728
1.646
1.722
1.858
1.674
1.64
1.523
0.802
0.875999999999999
0.909
0.938
1.064
0.239
0.423999999999999
0.362
0.404999999999999
0.88
1.331
1.661
1.845
1.641
1.565
1.603
1.644
1.793
-0.168
-0.0700000000000003
0.0980000000000008
0.603
0.951
1.007
1.108
0.729
1.845
2.188
2.434
2.319
2.093
2.018
1.635
1.512
1.731
1.643
2.049
2.314
1.934
1.791
1.675
1.578
1.439
1.497
1.536
1.515
1.771
1.909
1.882
1.543
1.458
1.628
1.516
1.506
1.366
1.344
1.297
1.362
-0.399999999999999
-0.217
-0.133
-0.0120000000000005
-0.0190000000000001
0.235
0.396
1.238
1.17
1.091
0.790999999999999
0.93
1.005
1.069
1.037
0.99
1.166
1.142
1.161
1.302
0.611
0.684
0.543
0.447
0.231999999999999
0.253
0.5
0.455
1.005
1.048
1.402
1.585
1.575
1.609
1.505
1.274
-0.333
-0.284
-0.239999999999999
-0.0939999999999994
0.182
0.26
0.259
0.628
0.571
0.685
1.063
1.207
1.141
1.393
1.742
0.898999999999999
1.028
1.102
1.61
1.43
1.36
1.7
1.399
1.207
1.552
1.39
1.48
1.19
1.48
2
3.21
2.71
2.48
2.37
2.46
2.34
2.7
2.8
2.72
2.6
2.41
3.15
3.38
3.49
3.65
3.21
3.67
3.88
3.31
3.74
3.57
3.53
3.82
3.96
4.33
4.11
3.63
3.57
3.1
2.72
2.57
1.86
1.35
1.57
1.94
2.26
2.69
3.09
2.33
0.390000000000001
0.58
0.51
0.27
0.0399999999999991
0.800000000000001
1.58
1.73
2.69
2.44
3.15
3.68
4.05
3.89
4.75
5.77
6.19
5.43
4.7
3.93
4.63
5.06
4.98
4.22
3.44
3.43
3.24
3.71
3.97
3.8
4.7
5.42
4.71
3.15
3.13
3.29
3.45
2.74
2.03
1.65
1.7
1.75
2.91
3.33
4.81
5.29
5.81
6.19
6.58
6.2
6.45
6.32
4.79
5.25
5.79
5.79
5.66
4.32
3.62
3.5
3.65
3.66
3.05
1.65
1.65
1.82
1.31
1
0.359999999999999
0.59
0.119999999999999
-1.07
-1.02
-0.780000000000001
-0.220000000000001
-0.790000000000001
-1.18
-1.62
-1.69
-1.48
-1.9
-2.08
-2.02
-1.48
-1.28
-1.02
-1.17
-0.729999999999999
0.6
1.14
1.8
2.15
2.31
2.96
2.48
1.99
1.67
1.63
0.399999999999999
1.36
1.14
1.42
1.44
1.24
1.07
1.16
1.33
1.92
2.15
1.49
1.59
1.42
1.38
1.01
0.76
0.5
0.720000000000001
0.950000000000001
0.92
1.58
1.73
1.51
1.77
1.45
1.48
1.41
1.57
1.8
2.02
2.11
2.29
0.699999999999999
0.77
0.76
0.84
1.09
1.36
0.41
-1.63
-2.03
-1.25
-1.06
-1.19
-0.950000000000001
-0.590000000000002
-0.67
-0.83
-0.74
-0.700000000000001
-1.18
-1.62
-1.67
-1.23
-0.699999999999999
-0.0899999999999999
-0.0800000000000001
0.0199999999999996
0.360000000000001
0.369999999999999
0.17
0.0299999999999994
-0.43
-0.459999999999999
-0.19
-0.31
0.359999999999999
0.360000000000001
0.390000000000001
-0.59
0.290000000000001
0.430000000000001
0.77
1.38
1.2
0.590000000000002
0.85
1.38
1.73
0.44
-0.540000000000001
-1.66
-1.93
-2.31
-2.77
-3.08
-3.1
-3.24
-3.15
-2.95
-3.02
-3.71
-3.76
-3.95
-3.82
-4.65
-4.46
-4.54
-4.22
-3.73
-3.11
-2.82
-3.01
-3.37
-3.29
-2.9
-2.94
-2.25
-1.98
-2.56
-2.78
-2.5
-1.58
-1.26
-0.69
-0.380000000000001
-0.42
-0.309999999999999
-0.120000000000001
-0.24
-0.300000000000001
-0.539999999999999
-0.630000000000001
-0.59
-0.56
-0.640000000000001
-0.44
-0.4
-0.529999999999999
-0.52
-0.0400000000000009
1.77
2.35
2.45
2.87
3.26
2.95
3.06
3.3
3.2
2.83
2.33
2.01
1.94
2.11
1.59
1.52
2.07
2.64
2.95
3.43
3.67
3.32
3.18
3.33
3.19
2.9
2.57
2.68
2.36
2.41
2.09
1.98
1.79
1.74
1.65
1.57
1.81
1.63
1.72
