0.72036603  1.40656580  0.17826260  1.28768135  0.25162605  0.22869609 0.05268126  0.77111124 -1.00887462 -0.72596545  0.49793568  0.67464394 -0.84559368  0.81871781  1.47304464  1.91593326  1.82793688  3.63026457 5.27370688  4.52768333
2.78311933  3.34508537  5.01586408  2.52504528 3.43614177  1.95177583  1.24087584  2.64205613  2.46724993  3.07969101 0.66232866  1.36080081 -0.47228950  3.37430558  4.62391474  3.48866515 5.16983313  4.80530871  4.39562135  5.75980323
5.17623536  5.34465654 5.30906886  4.79066534  5.70185847  4.43722563  3.93153600  5.02799174 3.08374336  4.43176532  2.38763597  2.48784989  3.78857284  5.41117569 6.89698537  7.43962616  8.89355806  7.80204227  7.64338585  8.04506545
8.73910854 10.56366492  7.47343739  7.33174673  7.34044053  6.64448725 5.94024506  6.88080370  5.47577944  5.72602186  5.22645176  4.19176157 5.69937542  8.25350322  8.57800382  8.61192886 10.44725437  8.52153230 9.29795422 11.07542206
8.59660375  9.12796409  9.03154621  8.55856158 10.38636956  8.16708279  8.27845369  6.81162590  7.78958803  6.38723658 8.70309788  6.31743539  9.57506826  8.56297310 11.02346807 11.81348181 10.53945328 13.22716047 11.49828969 10.84996795
 11.59625370








